camera_matrix:
- - 1035.998580264609
  - 0.0
  - 651.5053221874141
- - 0.0
  - 1036.282702007012
  - 362.5955581680466
- - 0.0
  - 0.0
  - 1.0
dist_coeff:
- - 0.0936088223818571
  - -0.18057687781307744
  - -0.0009029511730328323
  - 0.0006046234033753354
  - 0.01439870184258221
