camera_matrix:
- - 795.7295448591593
  - 0.0
  - 334.88996049226006
- - 0.0
  - 798.5119460869976
  - 227.93787427457536
- - 0.0
  - 0.0
  - 1.0
dist_coeff:
- - 0.002534620062437842
  - 0.3923205584053144
  - -0.002827792271059173
  - 0.0040660969950549
  - -0.7989846533234739
